PASS (0.00, 0.00, -52.00) → (-3.00, 0.00, -39.00) (3 corners)
PASS (-3.00, 0.00, -39.00) → (0.00, 0.00, -25.00) (2 corners)
PASS (0.00, 0.00, -25.00) → (1.00, 0.00, -13.00) (2 corners)
PASS (1.00, 0.00, -13.00) → (0.00, 0.00, 2.00) (3 corners)
PASS (0.00, 0.00, 2.00) → (3.00, 0.00, 17.00) (2 corners)
PASS (3.00, 0.00, 17.00) → (0.00, 0.00, 31.00) (2 corners)
PASS (0.00, 0.00, 31.00) → (-3.00, 0.00, 40.00) (2 corners)
PASS (-3.00, 0.00, 40.00) → (3.00, 0.00, 49.00) (2 corners)
PASS (3.00, 0.00, 49.00) → (4.00, 0.00, 62.00) (6 corners)
PASS (4.00, 0.00, 62.00) → (17.00, 0.00, 72.00) (2 corners)
PASS (17.00, 0.00, 72.00) → (27.00, 0.00, 79.00) (2 corners)
PASS (0.00, 0.00, -25.00) → (-13.00, 0.00, -19.00) (2 corners)
PASS (-13.00, 0.00, -19.00) → (-23.00, 0.00, -7.00) (2 corners)
PASS (-23.00, 0.00, -7.00) → (-24.00, 0.00, 8.00) (2 corners)
PASS (-24.00, 0.00, 8.00) → (-18.00, 0.00, 21.00) (2 corners)
PASS (-18.00, 0.00, 21.00) → (0.00, 0.00, 31.00) (2 corners)
PASS (0.00, 0.00, -25.00) → (16.00, 0.00, -20.00) (2 corners)
PASS (16.00, 0.00, -20.00) → (24.00, 0.00, -8.00) (2 corners)
PASS (24.00, 0.00, -8.00) → (23.00, 0.00, 9.00) (2 corners)
PASS (23.00, 0.00, 9.00) → (17.00, 0.00, 23.00) (2 corners)
PASS (17.00, 0.00, 23.00) → (0.00, 0.00, 31.00) (2 corners)
PASS (0.00, 0.00, -52.00) → (-2.00, 0.00, -49.00) (4 corners)
PASS (0.00, 0.00, 31.00) → (-5.00, 0.00, 59.00) (2 corners)
PASS (-5.00, 0.00, 59.00) → (27.00, 0.00, 80.00) (4 corners)
PASS (-2.00, 0.00, -8.00) → (4.00, 0.00, -2.00) (2 corners)
PASS (4.00, 0.00, -2.00) → (1.00, 0.00, 7.00) (2 corners)
PASS (1.00, 0.00, 7.00) → (-6.00, 0.00, 0.00) (2 corners)
PASS (-6.00, 0.00, 0.00) → (-2.00, 0.00, -8.00) (3 corners)
PASS (6.00, 0.00, 11.00) → (-1.00, 0.00, 16.00) (2 corners)
PASS (-1.00, 0.00, 16.00) → (-8.00, 0.00, 10.00) (3 corners)
PASS (-8.00, 0.00, 10.00) → (0.00, 0.00, 5.00) (2 corners)
PASS (0.00, 0.00, 5.00) → (6.00, 0.00, 11.00) (2 corners)
PASS (13.00, 0.00, -9.00) → (20.00, 0.00, -2.00) (2 corners)
PASS (20.00, 0.00, -2.00) → (14.00, 0.00, 6.00) (9 corners)
PASS (14.00, 0.00, 6.00) → (9.00, 0.00, -1.00) (5 corners)
PASS (9.00, 0.00, -1.00) → (13.00, 0.00, -9.00) (4 corners)
